100
n1
n2
n3
n4
n5
n6
n7
n8
n9
n10
n11
n12
n13
n14
n15
n16
n17
n18
n19
n20
n21
n22
n23
n24
n25
n26
n27
n28
n29
n30
n31
n32
n33
n34
n35
n36
n37
n38
n39
n40
n41
n42
n43
n44
n45
n46
n47
n48
n49
n50
n51
n52
n53
n54
n55
n56
n57
n58
n59
n60
n61
n62
n63
n64
n65
n66
n67
n68
n69
n70
n71
n72
n73
n74
n75
n76
n77
n78
n79
n80
n81
n82
n83
n84
n85
n86
n87
n88
n89
n90
n91
n92
n93
n94
n95
n96
n97
n98
n99
n100
500
42 52
30 65
35 67
34 79
50 51
27 51
34 80
11 93
5 70
30 67
32 68
17 73
33 55
14 92
45 66
27 92
36 76
15 53
12 89
2 86
46 95
10 68
3 82
34 75
48 64
16 55
36 51
44 86
8 100
45 83
19 88
41 63
37 53
35 65
6 82
27 85
7 90
13 55
24 59
47 52
28 90
30 68
40 67
18 100
48 55
3 52
36 69
31 65
45 62
43 79
4 86
9 59
23 71
27 93
26 93
48 90
20 85
20 63
17 68
4 92
23 59
19 86
23 76
45 76
39 96
47 87
13 86
46 100
38 85
20 59
36 56
15 95
41 53
13 74
47 67
19 99
5 75
5 96
48 93
15 90
17 64
33 60
42 58
27 64
6 83
33 73
8 57
45 84
25 63
3 59
49 98
23 91
30 82
34 95
45 69
22 74
33 89
19 69
40 69
36 90
35 61
45 97
47 58
10 95
28 58
44 95
35 91
46 70
42 67
21 59
35 55
19 83
9 53
31 67
6 63
16 56
39 70
27 75
31 82
42 78
10 52
1 67
16 90
11 58
36 67
42 95
13 99
42 79
3 55
1 72
43 90
43 83
8 73
26 94
39 68
26 60
39 62
3 84
12 99
43 55
6 95
40 64
3 73
15 86
43 70
33 53
30 91
39 83
14 93
5 100
33 71
25 76
26 61
8 55
16 52
9 93
18 88
15 67
43 88
29 64
48 68
39 64
24 71
49 87
48 94
27 86
15 70
49 96
32 64
31 52
36 74
18 97
18 53
49 64
27 68
30 99
26 89
6 76
17 85
16 95
4 53
25 59
26 54
38 89
8 93
40 80
26 62
44 80
1 66
37 54
5 60
48 92
33 79
18 54
49 72
20 93
43 69
46 78
17 100
33 69
29 88
24 85
44 81
33 97
33 76
13 61
27 58
45 72
12 65
36 55
30 63
22 60
12 100
29 84
24 53
34 92
46 97
30 59
43 94
32 70
31 99
48 72
37 52
46 74
38 63
19 66
26 77
25 56
49 73
46 92
12 74
49 63
19 100
9 57
47 95
2 55
31 98
7 83
33 59
32 90
50 84
28 51
18 68
37 91
30 61
14 77
27 89
38 65
12 61
43 64
3 66
45 88
10 98
28 79
38 74
42 94
47 96
38 95
14 72
38 93
24 62
30 80
40 52
28 68
7 91
41 55
45 63
43 74
10 54
48 58
40 87
35 75
28 73
41 66
15 51
12 82
8 54
7 62
28 83
14 94
15 81
10 97
10 85
31 97
14 81
34 89
47 88
27 63
5 73
27 100
32 78
33 52
28 63
15 55
38 54
11 85
40 72
50 91
7 67
26 81
49 59
4 83
46 63
20 83
46 52
3 100
22 92
18 96
8 68
35 59
4 68
50 79
19 82
30 75
50 69
26 68
49 81
40 91
35 87
27 82
47 74
48 70
39 97
28 64
50 93
39 98
13 91
16 83
19 64
11 53
5 74
21 93
3 54
42 97
43 97
32 82
47 51
16 69
43 63
8 63
38 78
41 98
32 98
50 86
16 72
3 74
2 85
38 98
35 56
20 73
10 92
41 64
5 63
48 63
18 64
48 100
37 94
12 94
22 86
44 94
39 51
41 62
16 85
39 86
39 61
33 99
4 66
43 84
25 65
25 97
24 61
36 66
10 76
2 60
11 64
24 96
22 65
33 54
29 80
19 79
18 94
13 94
2 59
31 68
37 100
27 59
38 70
38 83
31 71
44 83
50 71
11 83
44 60
43 91
39 78
49 97
5 92
4 62
29 93
15 84
43 67
42 72
32 56
4 98
37 63
17 53
35 58
3 60
36 88
17 90
30 79
17 71
45 53
23 63
34 61
40 77
48 89
37 92
46 67
29 90
41 51
10 90
18 92
5 95
26 67
9 92
50 100
42 89
27 77
27 78
5 84
44 100
16 77
44 61
42 81
20 78
22 69
17 77
1 71
17 95
7 89
45 91
48 81
23 68
44 65
20 95
35 60
44 78
46 86
38 96
47 61
10 59
47 91
24 56
8 53
25 57
42 64
26 83
30 52
13 85
44 67
28 89
34 90
18 82
33 87
11 98
23 67
2 52
14 59
1 84
35 53
30 100
39 58
31 83
1 61
42 69
25 51
36 84
48 88
19 73
24 87
49 94
48 52
26 87
36 72
13 75
9 73
38 86
25 70
6 98
46 88
32 55
33 88
47 82
38 59
35 69
40 98
17 76
23 55
12 55
